! Control parameters
&xdata
	NPool = 10000,
	iseed = 12341,
	tpinc = 1.0,
	tminc = 0.1,
	tend = 6000,
	timestep = 0.05,
	rho = 100.0,
	lambda1 = 4000.0,
	gamma1 = 2.0,
	lambda2 = 0.25,
	gamma2 = 0.15,
	s0 = 1000.0,
	newcell_delta = 68.8,
	kappa = 1.0,
	NCollect = 10000,
	NCollect2 = 10000,
	tc = 5000,
	NSize = 50
/

&MitosisPara
	mp1 =  5.73796509434469 ,
	mp2 =  1.00441467452329
/

