! Control parameters
&xdata
	NPool = 5000,
	iseed = 12341,
	tpinc = 1.0,
	tminc = 0.1,
	tend = 700,
	timestep = 0.05,
	rho = 100.0,
	lambda1 = 4000.0,
	gamma1 = 2.0,
	lambda2 = 0.25,
	gamma2 = 0.15,
	s0 = 1000.0,
	newcell_delta = 68.8,
	kappa = 1.0,
	NCollect = 5000,
	NCollect2 = 5000,
	tc = 500,
	NSize = 50
/

&MitosisPara
	mp1 =  0.976164249703288 ,
	mp2 =  0.654233622923494
/

