! Control parameters
&xdata
	NPool = 100000,
	iseed = 12341,
	tpinc = 500.0,
	tminc = 0.05,
	tend = 501,
	timestep = 0.05
	rho = 1.0,
	lambda1 = 2000.0,
	gamma1 = 1.0,
	lambda2 = 0.25,
	gamma2 = 0.15,
	s0 = 1000.0,
	newcell_delta = 68.8,
	kappa = 0.5,
	NCollect = 100000,
	NCollect2 = 100000,
	tc = 400,
	NSize = 50
/

&MitosisPara
	mp1 =  0.797825342822309 ,
	mp2 =  0.531654153167825
/

