! Control parameters
&xdata
	xlen = 40.0,
	btype = 3,
	Fo = 0.2,
	tol = 5d-10,
	alpha1 = 0.000001,
  	alpha2 = 0.1,
  	alpha3 = 0.000001,
 	alpha_TGF = 0.1,
  	gain1 = 1.5,
  	xi = 2.0,
  	beta_prod = 2.0,
  	beta_decay = 1.0,
  	tfinal = 300.0,
  	tpinc = 1.0,
  	v0max = 1,
  	v0min = 0.5,
	tm = 20.0,
	v_tc = 0.8,
	v_m = 1.0,
	p_m = 1.0,
	l_d = 1.0
/
